lr0: 0.00111
lrf: 0.22923
momentum: 0.95786
weight_decay: 0.00073
warmup_epochs: 2.6942
warmup_momentum: 0.83581
warmup_bias_lr: 0.06038
box: 0.07022
cls: 0.67536
cls_pw: 0.92625
obj: 1.30067
obj_pw: 1.36481
iou_t: 0.2
anchor_t: 3.50919
anchors: 2.0
fl_gamma: 0.0
hsv_h: 0.01532
hsv_s: 0.63517
hsv_v: 0.26251
degrees: 96.67457
translate: 0.09977
scale: 0.0
shear: 0.0
perspective: 0.0
flipud: 0.55518
fliplr: 0.5
mosaic: 0.0
mixup: 0.0
copy_paste: 0.0
