lr0: 0.00119
lrf: 0.307
momentum: 0.901
weight_decay: 0.00064
warmup_epochs: 3.09
warmup_momentum: 0.618
warmup_bias_lr: 0.0991
box: 0.0453
cls: 0.57
cls_pw: 0.599
obj: 0.831
obj_pw: 1.13
iou_t: 0.2
anchor_t: 3.72
fl_gamma: 0.0
hsv_h: 0.0182
hsv_s: 0.723
hsv_v: 0.409
degrees: 90.0
translate: 0.139
scale: 0.0
shear: 0.0
perspective: 0.0
flipud: 0.455
fliplr: 0.5
mosaic: 0.0
mixup: 0.0
